%values initialization
m1 = 100;
k1 = 50;
b = 50;
m2 = 5;
k2 = 2000;